0
0
10
0
0
0
0
0
629
2744
436
0
0
0
238
0
0
0
0
1
0
2503
0
0
3965
3641
1474
0
243
0
0
41
0
242
0
0
1502
1195
0
629
612
0
2620
1474
0
629
0
0
1
0
0
0
5
0
0
0
1272
6
10
0
0
0
924
1449
0
5214
0
0
44
556
0
0
0
41
185
0
0
0
0
0
0
246
755
1
745
0
0
1114
0
0
0
2367
213
0
0
0
556
0
0
0
41
629
0
0
0
0
1023
6
0
0
0
6
0
1502
0
32
0
7
7
0
24
0
6
2541
26
0
4
66
6
0
0
556
0
0
1458
629
0
0
1
0
436
0
0
0
0
0
549
0
0
5314
0
0
0
0
0
0
242
0
5214
66
1
0
44
0
0
1458
0
1
0
154
0
736
242
0
32
514
924
0
0
1752
0
0
0
4
0
0
0
0
0
1285
1612
0
0
0
0
0
6
0
0
66
2366
2620
440
736
0
0
0
0
0
0
0
0
6
0
0
944
0
819
0
0
0
0
0
841
0
3641
0
0
66
0
1
357
0
0
0
4402
0
0
0
0
13
0
0
218
0
0
5309
736
0
0
0
204
0
0
2579
0
0
0
0
10
0
747
2365
41
2358
0
0
0
0
0
44
0
2506
0
645
726
3
0
2
973
0
0
335
10
0
0
0
745
6
0
0
0
0
0
0
0
629
0
343
0
0
0
0
0
0
244
0
556
0
0
1
0
212
1
0
0
0
0
0
0
1484
440
0
629
0
1429
0
0
0
736
66
5
420
0
0
0
0
0
0
0
6
0
185
0
0
0
463
5315
0
0
0
2574
0
10
0
1449
0
0
0
0
47
0
556
1
0
556
0
0
0
0
0
0
0
0
0
0
0
5752
0
0
5326
556
0
1502
0
0
0
0
0
0
0
0
0
736
10
0
335
0
132
0
0
0
0
0
218
0
0
1529
0
123
0
0
0
0
736
0
0
0
0
0
644
736
6629
5578
0
2211
3725
1540
0
0
0
836
0
1
0
0
2658
0
0
0
0
0
5311
0
31
0
0
1752
0
0
736
440
0
0
2023
736
0
0
0
0
937
0
0
1429
0
0
5578
10
0
2365
1474
0
0
8
436
651
0
0
2
0
0
0
0
908
1752
1502
0
0
0
0
0
0
1288
0
59
0
3218
0
1
0
0
6
0
66
0
0
0
0
0
0
736
0
629
0
0
0
0
0
0
1
0
0
0
0
0
1
0
9
0
0
0
0
0
1
0
41
0
0
0
0
629
0
0
0
0
0
0
5578
0
0
0
0
0
6341
0
0
0
0
0
556
0
0
0
0
629
1595
0
0
0
983
335
0
0
0
0
0
0
0
0
0
1706
2079
154
5578
736
97
1505
0
0
0
0
0
0
0
12
800
0
0
0
1202
841
1967
0
415
0
0
0
0
0
0
0
0
0
0
0
0
0
3
0
0
0
513
629
0
0
0
0
0
0
0
0
629
0
5619
0
0
0
0
0
0
736
0
0
4
0
0
0
0
0
3605
2813
0
0
2366
1
0
2024
0
2
0
154
0
0
0
0
0
0
0
29
1949
0
0
3975
243
0
0
1492
2504
6341
0
212
778
5315
3
12
0
335
3680
0
2259
340
1533
0
0
0
5578
0
0
565
0
0
736
755
0
0
567
6
0
0
0
0
0
0
0
0
0
0
0
0
0
0
0
0
921
0
0
0
0
0
253
0
0
0
0
426
0
0
0
0
0
0
0
0
0
13
0
0
0
0
0
10
0
0
3
5556
0
212
0
0
0
0
0
0
0
0
0
0
239
1
238
0
0
0
0
0
26
0
0
0
0
612
2211
4275
0
0
0
0
0
6
0
1266
1476
0
436
0
0
5326
0
0
0
242
0
1529
0
242
0
0
564
0
0
0
0
0
0
0
629
0
0
0
0
0
0
5
0
0
0
0
0
0
2621
0
0
0
238
548
0
0
0
6
41
5578
10
0
436
0
0
0
0
0
10
0
0
581
0
254
0
420
0
0
0
0
0
0
0
0
41
0
0
0
0
0
1502
0
0
0
0
0
1202
0
0
0
2766
0
841
0
0
7
1458
0
0
0
0
3
443
0
0
2621
5302
0
2
638
0
416
0
0
469
1429
41
0
0
0
66
0
1
154
0
1
0
0
0
0
0
0
0
0
1398
0
0
0
0
2744
0
0
2139
0
0
0
0
154
0
13
2504
0
7
792
0
0
0
66
0
0
0
0
0
0
0
1
0
1458
0
776
0
0
0
0
0
0
0
0
154
212
0
0
0
154
7125
629
556
0
0
9
0
6341
0
4355
0
0
0
10
0
0
0
645
0
0
2620
0
0
0
0
1398
0
0
0
0
0
0
0
0
0
0
0
0
66
440
0
0
0
0
0
502
0
0
0
0
0
0
0
0
0
0
0
556
0
1948
0
1669
0
5309
0
1205
0
0
0
2145
1949
661
0
883
0
0
1429
1
0
0
1
337
0
24
6007
0
1285
736
937
635
0
1486
3709
0
0
0
0
0
0
0
0
0
0
0
0
6
0
0
7
0
0
0
565
0
1464
0
0
0
0
0
6
0
0
0
0
0
629
0
0
6
0
240
0
0
1477
565
889
8
235
0
10
0
0
0
6591
0
6
0
0
0
1
0
0
0
0
736
0
0
0
0
0
0
1
0
0
0
239
0
0
0
10
0
0
448
562
7
0
0
0
0
0
0
0
0
0
5578
0
0
0
0
0
0
556
10
0
0
0
324
0
0
0
1459
0
0
0
0
0
736
0
0
0
0
0
0
0
0
0
0
0
0
0
797
0
46
0
141
2742
5557
0
57
0
0
0
0
0
0
0
0
0
0
15
0
0
0
0
0
0
5309
0
0
0
7
436
12
0
242
0
0
0
0
0
0
0
0
0
0
0
0
0
1669
0
0
0
0
0
1
436
59
0
0
0
0
0
47
0
0
0
0
1
0
0
123
0
0
1458
240
629
0
0
436
0
0
241
1466
0
0
4
0
0
2
0
1429
0
0
0
0
5309
10
0
0
0
0
0
629
0
0
0
0
0
0
0
0
0
0
0
736
0
0
0
0
0
8
507
0
0
0
0
0
0
0
0
0
0
629
1212
0
0
10
0
0
502
0
638
241
0
0
0
1
0
0
0
6
249
0
0
0
0
0
0
0
0
0
1285
0
0
5326
0
0
5309
0
0
4
1429
0
0
0
1429
0
0
48
0
0
10
0
1080
0
0
1
465
0
0
0
0
0
0
4
0
0
0
7
1
6007
0
0
0
0
645
0
13
0
0
1029
0
0
0
1309
0
26
1285
6341
2359
3899
3647
0
0
10
629
1502
883
0
0
0
0
0
0
222
0
0
1
1429
0
0
0
0
0
0
0
0
0
410
1464
10
6
0
0
0
212
0
0
0
0
154
0
0
0
556
0
2108
0
0
0
0
12
0
2813
0
0
0
0
0
0
0
7
1716
0
0
0
0
0
212
0
556
0
0
0
0
32
0
0
7
0
0
0
0
0
154
0
1692
645
154
0
0
59
0
0
0
0
3
736
0
0
0
0
0
776
0
1202
0
0
0
0
0
0
0
0
0
737
0
0
0
440
0
1
0
0
0
0
154
0
0
0
0
0
0
0
3283
6
0
565
0
6341
0
0
0
0
629
0
33
0
0
0
0
0
0
218
0
0
0
638
1154
0
2544
0
0
0
0
0
0
44
0
3
0
6341
0
4
0
10
0
0
0
2
0
0
0
565
66
0
0
0
0
819
0
66
0
0
1
1027
0
0
436
154
1669
0
612
0
0
0
0
0
1150
629
1
0
1
0
0
0
0
736
258
0
0
1401
736
10
16
12
0
566
0
0
0
0
212
0
0
0
0
841
566
629
0
0
0
97
0
1
0
0
0
0
0
0
0
0
0
0
608
0
0
0
0
0
0
564
218
0
0
737
0
0
212
0
0
0
426
0
0
3
2658
1476
0
0
212
642
0
0
1502
0
60
6341
0
796
6
864
0
0
556
0
0
0
0
1
1980
0
0
26
154
0
154
0
0
0
0
0
745
0
0
1
336
0
0
0
0
0
801
0
0
0
0
127
0
0
0
2365
0
0
0
0
556
0
0
440
0
0
6
0
0
0
0
0
0
0
0
66
0
0
0
0
0
0
0
0
0
557
565
0
0
556
0
0
0
0
0
0
0
0
0
10
0
745
0
0
0
629
0
0
629
0
0
0
0
0
0
0
0
220
0
863
0
2
0
0
5
0
0
801
0
0
0
0
0
937
0
1365
0
1
1587
123
736
0
0
0
154
0
0
0
1533
662
3710
0
0
0
0
0
0
0
154
0
0
2024
0
0
0
0
0
0
0
0
0
1535
0
0
736
6
41
0
0
6
0
1
6
0
0
0
0
629
0
0
548
0
2
2097
0
0
2814
0
3218
0
750
0
0
0
629
82
0
6
5314
0
0
0
0
0
0
0
0
0
66
0
2920
0
258
470
0
0
0
0
0
0
0
0
0
0
0
0
0
0
5309
1
1
0
0
0
646
0
0
924
0
0
0
0
0
0
2658
0
0
0
0
756
0
0
0
0
0
0
0
0
0
0
0
556
2368
0
1494
0
1
726
0
0
0
0
0
0
3154
0
0
564
0
0
0
799
0
0
556
10
2392
242
649
0
0
646
736
0
0
0
3965
0
1
0
0
436
0
0
0
736
0
1089
0
1778
0
0
0
0
219
1
7
0
0
0
0
0
0
7
924
0
0
629
0
8
0
0
6
2728
0
0
629
1202
0
0
3
1449
1
0
0
0
0
0
0
0
0
0
0
0
0
0
0
2700
1978
0
0
0
0
0
26
1502
0
0
0
59
7
16
213
133
0
0
0
0
0
6
639
0
0
0
0
0
436
0
0
0
0
1429
1949
1392
6
0
44
1202
0
2024
0
0
0
0
5314
845
0
623
1
2285
32
223
0
0
7
0
0
0
0
0
0
1029
0
629
0
0
0
258
11
1
72
0
0
0
440
0
0
0
0
214
0
0
0
0
0
0
0
1937
0
0
240
0
0
0
228
13
212
10
0
0
0
0
0
0
0
2093
0
0
0
202
0
629
4904
0
2281
0
0
0
0
0
0
6088
0
0
2024
1067
2371
0
0
123
2620
0
0
0
0
0
0
241
883
1
0
0
242
0
10
0
0
0
0
0
0
0
0
223
0
0
0
745
0
0
0
6
0
0
3639
0
0
16
0
0
1284
0
0
1752
214
10
3283
0
0
0
0
0
0
0
0
2040
2004
0
1400
0
0
0
0
0
0
0
0
0
0
1675
0
1464
556
0
0
0
0
218
0
0
0
0
0
0
0
0
0
0
0
2287
0
0
0
0
564
0
0
797
0
0
0
0
1
0
0
4
0
0
0
218
1429
154
1459
0
926
0
0
2
212
220
1429
2023
0
0
2
0
0
1
0
0
1429
0
0
0
0
1689
0
2392
66
0
0
0
416
4
1
0
217
0
0
0
0
0
0
0
1
0
0
0
0
0
0
0
0
0
759
4
1114
0
0
0
0
47
645
0
0
0
0
10
44
0
188
26
44
5326
436
0
0
4
0
0
0
1
0
2504
0
0
0
1458
0
0
66
2365
0
0
0
133
400
0
0
0
0
0
0
436
0
0
212
0
0
0
0
0
0
3134
0
0
0
797
0
1145
0
0
0
0
0
0
845
0
0
436
2742
1937
0
52
0
0
0
0
0
0
0
889
10
0
0
0
0
0
1
0
1465
100
0
219
0
0
2757
564
212
0
0
0
0
0
0
0
0
4355
1665
0
0
0
0
0
0
1
2024
1465
0
0
564
0
335
0
0
0
0
3
242
123
0
0
0
3663
0
0
2814
3647
0
0
0
0
336
645
0
645
410
0
10
7
0
0
0
0
0
1429
0
629
0
436
241
0
847
1778
0
0
646
1571
0
0
0
1391
0
0
629
1523
4088
0
0
0
0
0
0
0
0
1948
0
0
0
0
736
218
0
213
1200
0
0
0
3646
0
0
0
0
629
1
883
0
0
0
0
0
0
0
0
0
0
0
2365
0
0
0
436
736
0
0
3
0
1504
0
1514
65
0
436
0
0
0
1
0
1205
0
0
832
0
0
0
0
0
1400
1584
1505
1
0
0
3605
963
629
0
7086
124
726
0
0
1494
629
0
0
0
0
0
629
0
0
0
0
661
5214
212
0
0
644
0
10
0
0
0
0
0
0
0
0
0
0
629
0
0
0
0
1
0
2
0
0
12
224
0
0
736
6341
707
1584
0
0
0
0
0
0
0
642
0
0
28
0
0
0
0
0
646
0
0
736
0
0
0
0
0
0
1429
0
6341
0
863
12
0
5326
0
0
0
0
1
0
548
0
1523
1
0
0
0
0
0
0
242
1470
0
10
0
0
0
0
15
0
4
0
0
0
4142
0
0
0
0
0
218
556
41
0
0
0
0
0
0
0
0
0
0
0
2
0
5310
0
0
0
0
0
9
0
0
736
629
0
658
0
2024
0
1502
0
635
1458
0
0
0
0
0
15
0
1502
0
23
0
44
2080
0
218
1967
0
0
0
0
6341
0
0
178
44
0
0
1951
0
0
889
0
6
0
2367
0
216
1
0
0
0
0
1533
2355
557
0
0
109
0
0
0
66
1
0
1505
0
556
0
0
3
262
565
629
1
0
0
241
0
0
0
0
0
0
0
0
0
0
44
0
6039
0
0
0
212
825
0
212
0
7
0
1187
16
0
0
0
646
0
258
0
1948
24
0
0
0
0
2024
0
0
0
0
0
6
48
0
0
0
8
0
0
13
0
0
1948
0
0
0
819
0
736
0
0
0
0
629
629
0
0
0
1
0
66
0
0
0
0
0
0
0
0
0
0
6
0
1458
0
9
645
0
0
433
32
335
0
0
0
565
2367
0
0
924
0
6
0
726
10
0
1978
0
0
0
755
0
959
0
0
0
0
66
0
0
0
0
0
0
0
0
242
52
0
1
1505
0
1541
0
1
1505
123
0
0
0
336
0
0
872
0
0
459
178
0
0
0
0
0
10
0
0
0
0
0
0
0
0
0
3
0
217
0
0
0
0
629
0
558
212
6039
0
436
258
6
0
0
0
0
0
0
556
0
0
0
2742
0
924
28
629
3
0
0
0
0
0
0
0
0
1598
629
6
0
0
0
0
0
242
24
1505
0
2
1
0
246
0
0
0
0
0
0
0
0
10
0
883
0
2056
0
436
1459
0
0
0
0
0
339
0
0
0
0
0
0
1145
556
0
0
0
0
0
1
0
0
629
0
0
10
0
0
0
0
0
44
0
1502
0
5316
0
218
0
2421
0
0
242
0
0
780
0
0
629
0
0
0
7
0
10
0
0
0
556
0
0
0
0
0
3310
2366
0
0
218
41
22
6
0
0
0
0
0
0
0
0
2
6
0
924
154
0
212
2
242
0
123
0
0
0
0
2504
279
0
0
0
0
0
0
0
0
6
0
0
0
556
0
3
0
0
0
3641
0
0
0
7
0
0
0
0
0
1
0
0
6
0
0
502
0
0
238
0
0
0
1
0
10
0
0
10
0
736
3
0
7
0
0
0
32
0
66
0
629
217
0
0
1
0
0
0
0
0
0
0
0
629
0
0
0
0
0
0
0
0
0
0
0
0
0
6
49
0
0
66
0
0
0
0
924
0
0
0
0
0
0
0
0
0
0
661
0
0
0
1669
0
0
0
41
0
0
154
736
0
0
440
0
1458
0
0
0
0
26
8
0
0
0
1398
0
16
0
0
0
924
6
0
41
0
10
0
645
0
0
0
5573
0
0
0
0
0
1540
0
0
0
2375
12
0
0
10
6
0
6
0
5578
0
635
0
0
0
0
2763
1449
1430
6
7
0
0
0
10
26
0
0
0
0
2104
0
513
649
736
0
44
31
0
4
2139
0
0
0
0
0
0
212
343
0
7
0
0
0
0
642
0
0
1177
0
0
0
0
0
0
3
1429
66
0
0
736
0
1449
584
1452
154
0
6
0
0
0
0
0
0
0
0
66
0
0
0
66
0
1948
1502
0
736
0
0
0
1
0
0
0
1752
0
0
0
0
0
557
0
0
0
0
0
0
1
0
0
0
3283
0
0
0
0
0
11
5
1464
3194
0
0
0
0
1685
0
66
0
0
0
0
66
0
44
0
0
0
0
0
0
0
0
0
0
0
7125
0
0
1486
0
0
0
0
0
0
0
0
0
565
0
0
0
0
0
0
0
642
0
1389
0
0
736
0
335
502
0
736
1429
564
0
284
0
0
1449
0
0
0
242
0
1515
218
0
0
0
860
2022
0
225
0
0
3466
0
0
3283
0
6
0
0
0
0
0
0
0
0
629
0
0
736
1398
0
565
0
0
0
0
212
0
629
0
440
212
0
0
0
0
0
0
0
0
6341
0
0
950
0
0
0
0
0
0
242
2506
3634
0
0
0
0
0
0
0
0
0
0
1398
0
0
0
0
0
0
0
0
1031
2421
0
0
0
0
0
0
0
0
0
0
650
0
0
0
0
736
0
0
1
212
0
0
1026
1533
612
1475
0
0
0
0
0
0
2
0
0
983
0
0
0
0
0
152
0
0
0
0
0
0
0
1429
1
642
6
0
0
0
0
0
1449
335
0
0
2161
0
14
1502
6341
0
0
0
0
0
133
0
0
9
0
0
1949
205
0
0
1442
0
1187
5
0
0
0
549
0
0
133
0
10
15
736
0
0
6
0
557
2742
0
0
0
212
503
0
0
5309
0
0
0
0
0
6
736
0
0
0
0
0
5619
0
6341
1525
0
0
0
0
1458
0
0
0
0
0
0
0
0
0
0
0
0
0
0
0
0
0
0
1429
0
736
0
0
0
66
0
0
0
0
0
0
0
0
97
0
1
0
6341
2288
0
0
0
0
241
75
2367
736
0
5578
0
0
0
97
0
0
0
0
682
5640
66
0
629
0
0
10
1458
1
889
644
0
0
2287
1
0
6
0
6
5578
0
0
0
242
0
0
0
97
0
983
0
0
0
0
0
0
0
0
0
0
0
0
0
5314
154
0
0
334
0
0
246
1717
1502
0
0
1502
0
10
0
0
68
324
5561
0
324
0
218
0
1062
0
0
0
1458
0
0
250
0
0
0
436
426
0
27
1
0
0
1
1449
0
0
0
0
0
0
0
0
68
6
2
0
0
0
749
0
0
0
736
3634
0
0
0
0
645
212
0
6
0
0
645
410
0
0
556
440
0
66
0
1014
0
0
0
527
0
65
0
10
0
1484
0
0
333
0
0
0
0
0
0
0
0
0
0
417
4
0
0
0
2202
0
0
0
0
0
0
41
1429
0
0
0
0
0
3975
0
0
0
0
0
0
438
0
736
0
2460
243
0
0
5316
0
0
0
22
0
410
0
2023
0
0
0
1195
0
66
0
0
0
0
0
0
2
1
0
1213
0
0
26
0
0
212
0
0
2
0
6
1
0
0
0
0
0
0
212
0
736
0
0
0
0
0
0
219
0
502
0
0
335
91
24
1437
0
1967
0
436
5578
410
0
0
630
0
0
0
0
0
212
0
1
0
0
751
0
0
0
0
0
0
0
0
0
0
0
0
0
0
0
0
1
1
883
1
66
0
0
0
0
0
0
0
0
1685
27
6341
0
0
0
0
0
0
0
862
5326
0
1429
0
5326
6
0
0
0
0
1444
0
66
0
736
0
0
0
0
0
0
0
1921
0
6
0
0
0
0
0
0
0
0
6341
0
0
1430
0
4
0
0
2139
0
924
645
0
9
97
0
556
212
0
0
0
0
0
0
0
0
0
0
983
672
0
2
0
228
0
0
0
0
1
28
0
0
0
0
0
0
0
565
0
0
548
0
0
1
0
0
0
0
0
0
123
0
908
0
0
0
421
0
0
0
0
0
1292
0
0
0
0
0
1202
0
1144
0
1429
1341
1475
0
0
0
0
0
5578
258
242
0
0
0
0
0
0
1429
42
0
0
0
0
0
0
0
0
0
0
0
0
0
0
0
0
556
0
0
0
0
2281
0
0
0
0
0
0
10
0
0
212
0
0
7
0
57
0
0
0
0
0
2045
0
0
0
0
1
10
0
0
0
0
0
212
0
0
0
0
1429
2
0
0
0
0
0
0
0
1502
1
1063
0
2365
0
0
212
0
0
10
0
66
0
0
0
0
0
642
202
0
0
0
2
0
6341
4
0
0
0
2024
1429
0
2
2
0
41
2
0
0
0
0
7
1
0
0
0
631
0
0
0
565
0
0
2814
0
259
0
0
0
0
0
0
0
0
0
201
0
0
0
0
0
0
0
0
0
0
0
426
0
0
3648
2748
5214
1
0
0
0
0
0
0
0
0
0
178
26
0
218
0
0
0
1089
0
0
1533
644
0
436
0
0
0
2
1
16
0
565
645
3
1
0
0
556
0
335
7
47
66
6
0
238
0
0
0
0
3
0
0
0
0
1533
1
0
0
0
284
0
6
3634
68
0
0
629
0
736
7
0
1505
0
0
0
46
629
0
0
0
0
0
0
0
0
0
0
0
0
212
0
0
2000
0
0
0
924
0
0
1
0
28
212
24
0
0
0
0
212
0
0
0
0
805
564
0
629
0
0
0
241
0
0
0
212
0
0
0
154
0
0
10
12
0
0
0
0
1
0
0
0
0
0
185
324
0
0
787
629
0
0
440
736
0
0
0
0
0
0
0
0
0
0
631
0
736
0
0
0
1089
3038
0
2024
0
0
537
0
1202
6
0
0
629
0
0
115
6007
629
2
0
0
0
0
0
0
0
0
629
0
0
0
335
0
0
10
0
0
0
0
0
0
0
0
0
0
0
0
9
324
0
0
0
324
0
0
629
1277
433
0
0
0
0
556
0
2
0
0
0
9
41
0
0
10
212
0
0
39
0
0
57
0
0
2
0
556
66
0
2620
0
0
0
0
0
91
1
0
879
0
0
0
0
1533
1458
0
0
0
4
0
0
2023
0
0
1533
10
417
15
0
0
0
470
0
66
0
0
0
0
0
0
0
0
0
0
0
5496
0
513
0
0
0
0
0
2
0
12
0
0
0
1
0
0
0
0
0
0
0
0
0
0
0
0
0
1
0
0
0
1
0
0
0
1
0
0
0
0
0
430
0
0
0
0
4903
16
241
0
0
0
0
3626
612
3634
0
0
0
0
0
0
0
0
0
0
0
0
0
0
0
741
41
0
1429
0
0
630
0
1464
0
97
612
0
0
0
470
0
0
0
6
0
0
1402
0
4
0
0
0
0
0
0
0
0
0
0
5578
736
0
0
0
0
0
0
0
514
0
0
0
0
1341
0
0
0
1
0
0
0
0
1063
123
0
1
0
0
0
0
0
32
0
250
0
0
0
0
6341
44
0
0
204
0
0
0
4275
0
0
502
2814
0
564
0
0
0
23
436
736
629
0
1494
0
0
0
8
65
644
736
258
0
0
0
0
0
0
0
0
0
0
0
0
0
242
0
0
0
269
883
0
0
2
0
0
564
1458
0
0
0
10
0
3
1202
10
267
0
66
0
0
0
10
214
1505
0
0
0
0
0
0
0
0
66
0
0
37
0
0
154
1
0
0
29
0
0
629
0
0
564
0
0
0
541
0
0
0
0
0
1342
1
0
0
129
6341
661
1
2287
0
0
0
0
0
2142
0
6
0
0
0
993
279
0
0
0
0
0
0
556
0
0
0
1051
41
0
0
0
1665
0
0
0
154
736
324
0
0
0
44
0
985
0
0
629
1978
0
778
27
44
0
1055
10
0
471
0
0
0
436
1470
0
0
0
1
0
0
6
0
334
0
32
1474
2
0
0
0
667
0
556
0
0
0
0
212
0
0
2024
1716
0
0
0
0
0
0
751
6
0
0
0
0
0
0
2291
0
640
0
0
0
0
2617
0
0
0
0
7
15
569
0
0
1458
0
0
0
66
0
0
0
0
0
0
0
0
1
2620
0
243
0
0
11
109
0
0
0
0
0
0
0
0
0
0
0
2520
0
10
0
0
0
0
1145
0
0
0
0
0
0
41
0
0
1205
0
0
0
436
0
0
0
4053
0
0
0
81
0
0
0
6
629
1047
0
0
0
0
0
0
0
0
0
0
0
0
0
3798
0
0
0
0
629
0
0
556
0
0
6341
650
5
0
0
0
123
3310
2369
0
0
0
0
2045
0
0
0
0
0
0
426
0
0
0
629
0
0
0
0
1
3333
883
0
0
1
0
0
0
1
0
1202
0
0
0
1479
1442
0
0
630
2
0
0
0
629
0
0
0
0
0
44
0
0
0
0
0
0
707
0
0
908
0
0
0
0
0
0
556
0
0
0
0
0
0
0
0
10
736
1398
0
0
0
0
1029
745
109
0
0
0
16
0
736
2
0
241
0
0
0
436
0
0
5326
0
0
0
0
470
14
899
0
0
0
0
79
0
0
0
470
59
5231
0
0
0
1
0
1292
0
0
0
0
0
0
1
0
0
1
214
11
0
0
0
0
0
630
3283
23
0
736
0
0
0
1
0
0
0
1
645
0
426
0
0
240
0
410
0
0
0
0
736
154
5640
0
16
0
0
8
0
10
0
0
629
0
0
0
0
1464
0
243
36
629
1
10
0
0
0
0
0
0
0
0
220
0
0
0
0
1
0
0
0
0
1
0
0
1449
0
0
0
5214
0
0
154
0
0
0
1
0
0
218
0
1
41
0
1689
0
0
420
0
0
66
0
201
110
0
1511
0
0
0
0
1503
0
0
6
0
0
0
0
0
924
0
0
242
664
0
2079
1023
0
0
749
154
0
0
0
631
0
1595
0
139
629
0
0
0
0
10
3680
0
1494
0
0
242
0
0
0
38
0
212
0
0
0
0
0
1398
0
0
0
212
0
0
0
0
0
0
0
556
0
10
0
0
0
0
13
0
0
6341
2627
924
12
0
0
0
212
0
0
736
565
0
178
324
65
0
0
0
0
0
0
44
2211
0
5875
436
0
0
0
6341
0
0
0
0
436
1
0
1398
0
0
0
0
0
1217
0
780
0
73
5379
0
1465
0
1601
0
0
736
0
0
0
10
1
0
177
0
0
10
0
0
0
2367
0
0
0
2
0
0
0
0
0
0
1232
0
0
0
736
2002
0
0
66
0
0
0
0
0
629
0
736
0
0
0
0
1476
0
5578
0
0
0
0
645
0
1
3
0
0
0
0
1465
736
3626
23
11
0
2
629
3
0
1177
0
15
1014
0
0
0
0
0
0
0
0
0
0
0
212
0
0
736
4402
1458
1205
631
6
6
0
1353
0
0
0
0
0
6
0
0
0
1089
436
0
0
629
77
1398
337
0
0
0
1815
0
1
0
0
0
0
0
0
0
336
6007
139
0
0
0
0
0
0
0
2
0
0
1978
0
734
0
0
0
6
0
154
0
0
0
0
0
0
0
0
1484
0
7
0
646
0
5309
0
736
2661
632
0
0
0
0
0
0
0
0
0
0
0
611
2023
0
0
1
0
1486
0
0
0
0
0
0
0
0
1449
0
0
0
0
0
123
1675
0
0
0
44
0
0
0
41
213
225
0
6
0
6
0
0
0
1449
0
0
0
340
256
249
34
0
0
0
0
0
0
0
0
0
0
0
10
1978
0
0
0
3
214
0
6
0
0
0
29
0
44
0
0
797
0
0
0
0
242
0
0
809
0
0
736
664
0
0
0
0
5499
0
0
0
0
1307
0
0
0
0
0
0
0
0
0
0
4
0
0
0
0
0
0
2
0
0
59
3908
1
0
0
154
0
0
0
0
0
3
0
3
0
1429
0
5556
0
0
0
0
736
243
0
1474
0
0
218
3736
0
0
0
1
44
0
0
0
0
16
0
10
44
0
946
1
0
0
1464
0
0
0
0
31
0
0
0
6
1469
0
0
2617
216
0
0
0
10
0
0
433
0
44
0
6341
1511
0
1
220
0
0
1937
0
15
0
0
0
0
0
0
736
0
7
0
60
0
0
0
841
0
0
0
0
0
0
2100
0
0
10
0
0
1411
0
1
212
0
0
0
0
1144
0
1429
0
0
324
0
0
0
0
0
0
0
0
0
0
0
0
18
0
1
6
1474
0
1464
0
0
0
0
0
0
2287
0
0
0
5578
0
0
1
0
479
0
0
0
2279
0
0
1
0
0
0
0
336
0
0
0
1
0
10
0
15
0
442
0
0
0
0
0
0
4
1199
0
0
0
34
0
0
0
0
0
656
6
0
0
0
185
0
0
0
0
0
0
0
212
0
661
0
0
0
639
0
0
0
1365
0
0
0
0
0
0
0
2098
0
1464
0
0
241
0
0
0
0
0
324
1
0
1207
0
0
0
3
841
0
0
10
1
0
564
0
0
3
629
0
0
963
0
0
0
0
7086
755
0
0
0
212
1502
0
6
0
0
0
0
777
0
0
0
641
0
8
32
2
0
436
1529
5
0
2
0
1473
436
0
0
0
6
0
0
883
0
0
470
5316
3736
0
0
0
0
12
0
0
0
2366
0
0
242
0
0
0
235
0
0
0
94
0
0
0
0
2
0
3283
0
109
0
1
0
32
0
0
565
0
0
66
0
0
0
0
645
0
0
0
1
0
0
0
13
1525
0
0
2764
1
0
736
0
0
0
620
629
0
0
2142
10
258
0
0
109
0
0
1
0
0
0
0
556
0
0
0
0
0
565
0
0
154
0
0
0
1501
0
0
0
0
0
3
2024
984
410
2151
10
645
0
0
0
0
0
0
0
6
0
1429
24
0
0
0
66
0
0
1
0
0
0
0
0
1502
736
0
10
0
0
0
10
0
0
0
5578
0
410
7
0
0
0
2280
0
3
0
0
0
0
10
470
0
2
218
0
0
0
0
0
0
925
0
0
0
0
0
0
0
0
0
0
0
0
0
0
4
0
9
218
1752
10
0
0
0
12
0
217
0
0
0
0
736
24
0
556
0
0
0
0
0
16
0
0
154
0
10
0
0
109
0
0
5578
0
1
777
0
0
0
0
1
0
950
0
0
0
924
0
581
0
0
0
10
0
1
0
1429
0
0
0
3
242
59
675
0
567
0
33
0
0
983
1
1199
0
0
0
0
0
5379
0
0
201
0
0
2368
0
7
845
645
0
0
0
2285
0
0
0
0
0
0
924
0
0
0
0
0
0
0
0
0
1195
0
0
0
1089
0
109
154
0
0
0
0
0
0
0
0
0
0
921
0
629
10
0
123
0
0
241
0
3
6
0
0
1041
0
1089
7
1
0
0
0
0
556
0
0
1502
226
0
9
12
2
0
0
0
0
0
0
0
0
1
0
1
26
645
335
0
6
1
0
0
0
0
0
1918
0
0
0
0
750
6
0
0
0
0
0
0
0
258
0
0
0
0
335
0
0
0
0
0
0
629
7
52
4
0
0
0
0
638
10
6
0
154
0
4748
0
0
0
0
0
0
0
0
0
0
736
0
0
212
0
0
2765
0
0
1429
0
0
0
481
0
736
6
1897
0
0
10
0
0
1449
0
0
742
0
0
0
629
10
10
0
0
0
0
736
10
0
0
0
0
645
0
0
736
0
0
0
0
736
123
0
10
0
0
0
0
0
0
132
212
0
0
0
631
0
720
0
0
0
629
0
6
0
16
502
0
1502
0
737
0
837
1
0
2000
0
0
0
0
66
0
0
0
0
0
0
222
0
0
0
556
10
3
0
1
23
0
629
2621
0
0
0
0
1909
556
0
4
0
218
6007
0
0
0
0
736
0
0
3
0
0
241
0
154
0
2
0
0
0
212
0
0
0
0
0
0
0
0
5214
0
0
6
0
0
0
0
0
0
1
0
0
334
0
0
0
0
0
0
0
0
0
0
0
0
0
0
0
0
8
1474
2023
4
3633
212
0
0
0
368
629
2290
924
218
0
0
0
736
629
0
138
0
0
0
0
629
335
0
0
0
0
0
0
154
0
0
0
1
0
0
0
1199
0
0
0
0
66
3798
1
0
0
0
1464
1
0
10
0
16
649
0
872
337
0
0
0
10
0
0
26
796
259
0
0
238
59
0
0
1
0
1502
10
0
2002
0
0
471
0
0
0
16
0
0
0
1474
10
426
0
0
783
152
0
0
0
0
0
809
0
1540
1
0
218
0
629
0
0
0
343
2182
0
0
0
661
645
0
0
24
0
0
0
0
0
0
123
0
0
0
0
0
0
0
0
2045
238
0
410
0
0
0
556
0
0
66
1165
0
5640
436
212
0
0
0
0
325
736
0
653
0
0
736
1005
0
0
0
0
1950
0
0
2
0
3
0
0
629
0
8
123
0
0
0
0
0
0
0
2287
0
0
0
0
0
4748
0
5326
645
0
0
335
0
0
0
499
0
250
10
0
0
0
34
0
0
0
0
0
0
0
0
0
0
0
0
0
0
0
0
336
0
0
0
6
0
0
0
0
2692
0
0
0
0
0
1
32
0
0
0
0
0
0
0
0
0
566
0
0
44
0
3
0
0
217
0
0
1978
1429
357
0
0
0
0
0
0
0
0
0
0
0
0
0
0
0
0
0
0
238
512
984
0
0
0
0
0
0
0
1464
0
0
0
6
2624
0
0
0
629
0
0
0
737
2
1
0
0
0
0
0
0
0
1
0
0
0
1
736
1458
1486
950
0
0
0
5578
0
4402
0
317
0
0
0
10
0
0
6
0
1502
0
218
0
0
0
0
218
0
0
0
0
0
0
0
1
0
556
0
0
0
0
0
0
0
0
0
0
0
0
15
0
924
1
0
0
0
0
2161
0
0
235
335
0
0
242
0
0
0
0
0
0
0
0
0
0
0
0
0
0
0
0
0
0
0
0
0
0
0
0
0
0
0
0
0
0
0
0
0
0
0
0
0
0
412
0
0
3283
109
97
0
0
0
0
0
2764
0
1
5315
0
1937
1505
436
0
0
41
10
0
335
0
2
0
736
1285
0
0
0
1
249
0
0
0
556
1475
0
0
0
1197
0
0
0
0
736
1
0
1
0
212
0
0
0
0
924
0
0
0
0
0
645
0
0
44
5578
1465
0
736
0
0
0
284
0
0
1176
0
0
0
0
0
0
0
0
0
0
2765
2024
0
0
0
0
0
133
3154
0
0
0
0
0
0
0
66
0
0
0
0
10
0
0
0
2
66
0
10
7
440
0
0
0
410
0
0
1752
611
0
5892
0
0
736
0
0
0
0
123
0
0
0
0
0
436
417
0
0
556
0
0
0
0
0
0
0
67
0
0
0
0
6
0
0
0
0
438
1
0
0
0
6341
0
0
0
0
0
0
0
335
842
0
0
0
10
91
0
66
0
0
12
0
565
889
0
629
0
0
646
0
0
476
6
0
0
0
154
1464
0
0
0
0
0
8
440
556
0
0
0
6
0
470
0
0
0
0
2
556
1207
0
0
2
0
0
0
0
0
0
0
0
1470
0
5578
0
0
565
0
214
0
1533
0
0
0
1505
0
0
0
0
0
0
0
0
0
0
0
738
0
0
0
1
0
6
0
0
0
0
0
0
0
0
0
1
0
0
0
0
1029
0
1341
0
0
5326
2909
3665
0
0
0
0
0
0
303
0
0
0
0
5326
191
0
7086
6
0
0
0
0
659
5326
736
0
0
0
1914
0
1
0
0
0
3
0
0
883
0
0
0
0
0
9
218
1458
2045
0
0
0
0
0
0
0
6
4
0
0
7
0
0
736
0
1051
0
0
0
1089
629
0
0
7
736
6
0
0
0
736
0
0
0
0
0
0
334
16
6341
0
0
1502
0
0
203
0
0
0
0
154
0
218
0
0
0
0
0
0
0
0
0
0
2367
0
0
0
0
0
154
1
0
0
0
0
0
0
0
0
0
629
0
0
0
0
0
0
937
1
0
0
41
0
343
0
0
6
219
0
0
154
436
6
0
0
1272
0
0
5315
0
0
6341
736
0
0
0
0
557
0
0
0
0
0
10
0
5251
0
6
0
177
0
0
334
0
0
0
0
0
0
0
0
0
32
629
1464
0
0
0
0
0
0
1
0
645
0
2766
0
0
0
258
5314
0
448
0
1502
0
0
1689
564
57
10
0
12
0
0
0
0
0
924
5309
63
616
6
0
6
0
0
6
1051
0
6
336
0
0
471
0
0
1429
0
0
0
0
0
0
0
0
0
0
268
0
0
0
0
0
10
0
0
0
0
0
0
0
0
0
0
1
336
212
0
0
0
39
0
0
0
9
0
0
0
0
0
0
0
109
0
0
0
5
246
220
629
3218
0
0
0
0
0
242
0
0
867
0
888
629
10
0
109
0
0
0
0
0
259
0
0
0
0
0
465
2396
0
0
661
0
0
0
1
0
0
10
0
0
12
0
0
1
0
0
0
410
0
0
0
736
6
0
736
0
0
1051
1669
0
0
10
0
641
0
0
0
6
0
0
0
0
6
0
0
0
581
5
0
0
