0
0
0
1
0
0
0
0
0
0
265
0
0
0
223
0
0
0
0
1
0
422
0
0
10
0
6
0
208
0
0
0
0
0
0
0
265
0
0
41
6
0
0
7
0
0
0
0
0
0
0
0
4
0
0
0
208
6
1
0
0
0
0
0
0
223
0
0
6
26
0
0
0
0
0
0
0
0
1
0
0
208
0
1
0
0
197
0
0
0
0
2
209
0
0
0
0
0
0
0
0
41
0
0
0
0
275
3
0
0
0
6
0
0
0
6
0
2
6
0
0
0
5
8
3
0
1
5
6
0
0
26
0
0
334
41
0
0
1
0
57
0
0
0
0
0
306
0
0
388
0
0
0
0
0
0
0
0
581
5
1
0
5
0
0
254
0
1
0
3
0
0
0
0
6
19
0
0
0
0
0
0
41
1
0
0
0
0
0
63
398
0
0
0
0
0
6
0
0
5
1
0
0
0
0
0
0
0
0
0
0
0
6
0
0
414
0
0
0
0
0
0
0
234
0
0
0
0
5
0
1
0
0
0
0
0
0
0
0
0
0
0
0
208
0
0
23
0
0
0
0
0
0
0
236
0
0
0
0
1
0
26
0
0
2
0
0
0
0
0
6
0
1
0
0
0
0
0
1
0
0
0
264
1
0
0
250
0
2
0
0
0
0
0
0
0
41
0
0
0
0
0
0
0
0
223
0
26
0
0
1
0
208
0
0
0
0
0
0
0
2
77
0
0
0
0
0
0
0
0
5
1
4
0
0
0
0
0
0
0
6
0
4
0
0
0
369
256
0
0
0
1
0
1
0
0
0
0
0
0
11
0
26
0
0
26
0
0
0
0
0
0
0
0
0
0
0
224
0
0
0
26
22
0
0
0
0
0
0
0
0
0
0
0
1
0
0
335
0
0
0
0
0
0
1
14
0
1
0
15
0
0
0
0
0
0
0
0
0
0
0
67
370
0
0
0
0
403
0
0
0
406
0
0
0
0
0
0
0
0
0
0
0
0
5
0
0
0
0
0
0
0
0
0
3
0
0
0
0
0
0
0
0
214
0
0
0
1
0
2
7
0
0
1
265
3
0
0
1
0
0
0
0
0
279
0
0
0
0
0
0
0
250
0
59
0
5
0
1
0
0
6
0
5
0
0
0
0
0
0
0
0
0
0
0
0
0
0
0
1
0
0
0
0
0
1
0
0
0
0
0
7
0
1
0
41
0
0
0
0
41
0
0
0
0
0
0
0
0
0
0
0
0
2
0
0
0
0
0
53
0
0
0
0
0
2
2
0
0
0
0
0
0
0
0
0
0
0
0
0
208
0
3
0
0
41
0
0
0
0
0
0
0
0
12
109
0
0
0
368
275
11
0
367
0
0
0
0
0
0
0
0
0
0
0
0
0
0
0
0
0
19
41
0
0
0
0
0
0
0
0
41
0
2
0
0
0
0
0
0
0
0
0
4
0
0
0
0
0
0
15
0
0
1
1
0
0
0
0
0
3
0
0
0
0
0
0
0
0
16
0
0
11
0
0
0
4
0
0
0
208
8
1
0
12
0
335
0
0
2
326
306
0
0
0
0
0
0
8
0
0
0
208
0
0
26
6
0
0
0
0
0
0
0
0
0
0
0
0
0
0
0
0
0
0
0
0
0
0
31
6
0
0
0
197
0
0
0
0
0
0
0
0
0
13
0
2
0
0
0
1
0
0
0
0
0
208
0
0
0
0
0
0
0
0
0
0
235
1
0
0
0
0
0
22
3
0
0
0
0
6
23
330
0
0
0
0
0
6
0
388
5
0
265
0
0
449
0
0
0
0
0
18
0
0
0
0
253
0
0
0
0
0
0
0
0
0
0
0
0
0
0
1
0
0
0
0
0
0
1
265
0
0
223
0
0
0
0
6
220
0
0
0
0
57
0
0
0
0
1
0
0
320
0
0
0
250
0
0
0
0
0
0
0
0
0
0
0
0
0
0
252
0
0
0
0
0
368
0
0
0
0
0
0
0
0
6
253
0
0
0
0
3
2
0
0
83
58
0
2
380
0
0
26
0
1
0
41
0
0
0
5
0
3
0
0
1
0
0
0
0
0
0
0
0
0
0
0
0
0
3
0
0
0
0
0
0
0
3
0
11
1
0
220
6
0
0
0
5
0
0
0
0
0
0
0
1
0
254
0
0
0
0
0
0
0
0
0
0
3
0
208
0
0
3
3
41
0
0
0
345
3
0
0
15
0
0
0
1
0
11
0
0
0
0
0
26
0
0
0
2
0
0
0
0
0
0
0
0
0
0
0
0
5
0
0
0
0
0
0
347
0
0
0
0
0
0
0
0
0
0
0
26
0
0
0
0
0
399
0
345
0
0
0
3
208
58
0
0
0
0
222
0
0
0
0
1
0
14
0
0
63
0
250
0
0
0
2
0
0
0
0
0
0
0
0
0
0
0
0
6
0
0
0
0
0
0
8
0
7
0
0
0
0
0
6
0
0
0
0
0
41
0
0
6
0
1
0
0
215
8
208
0
0
1
0
0
0
0
58
0
6
0
0
0
0
2
0
0
0
0
0
0
0
0
0
0
1
0
0
0
2
0
0
0
1
0
0
16
32
7
0
0
0
0
0
0
0
0
0
232
0
0
0
0
0
0
26
1
0
0
0
320
0
0
0
337
0
0
0
0
0
67
0
0
0
0
0
0
0
0
0
0
0
0
0
345
0
5
0
36
0
432
0
0
0
0
0
0
0
0
0
0
0
0
2
0
0
0
0
0
0
0
0
0
0
6
265
2
0
0
0
0
0
0
0
8
0
0
0
0
0
0
0
0
0
0
0
0
0
0
265
0
0
0
0
1
0
0
0
0
0
0
0
0
0
15
0
0
334
1
41
0
0
0
0
0
2
0
0
0
0
0
0
2
22
0
0
0
0
0
0
1
0
0
0
0
0
0
0
0
0
0
0
0
0
0
0
0
0
0
0
0
0
0
0
0
83
0
0
0
0
0
0
0
0
0
0
41
0
0
0
1
0
0
320
0
380
2
0
0
0
1
0
0
0
0
1
0
0
0
0
0
0
0
0
0
63
0
0
0
0
0
1
0
0
2
214
0
0
0
0
0
0
39
0
0
1
0
725
0
0
1
6
0
0
0
0
0
0
4
0
0
0
6
0
208
0
0
0
0
0
0
0
0
0
208
0
0
0
7
0
3
27
220
0
8
0
5
0
0
41
211
0
0
0
0
0
0
0
209
0
0
1
0
0
0
0
0
0
0
0
0
0
250
9
1
2
0
0
0
208
0
0
0
0
3
0
0
0
26
0
0
0
0
0
0
12
0
6
0
0
0
0
218
0
0
6
42
0
0
0
0
0
208
0
0
0
0
0
0
0
0
0
1
0
0
0
0
0
3
0
0
47
3
0
0
59
0
0
0
0
3
0
0
0
0
0
0
265
0
345
0
0
0
0
0
0
0
0
0
26
0
0
0
42
0
1
0
0
0
0
3
0
0
0
0
0
0
1
0
6
0
8
0
0
0
0
5
0
41
0
31
0
0
0
0
0
0
1
0
0
0
0
454
0
3
0
0
0
0
0
0
6
0
3
0
0
0
3
0
0
0
0
0
2
0
0
0
8
5
0
0
0
0
0
0
5
0
0
1
65
0
0
265
3
4
0
6
0
0
0
0
0
208
0
1
0
0
0
0
0
0
0
19
0
0
159
41
1
0
10
0
255
0
0
0
0
0
0
0
0
0
41
255
41
0
0
0
41
0
1
0
0
0
0
0
0
0
0
0
0
1
0
0
0
0
0
0
7
208
0
0
68
0
0
208
0
0
0
0
0
0
3
0
0
0
0
208
379
0
0
0
0
5
83
0
259
6
278
0
0
26
0
0
0
0
1
2
0
0
3
3
0
3
0
0
0
3
0
0
0
0
1
332
0
0
208
0
0
59
0
0
0
0
38
0
0
0
0
0
0
0
0
0
0
0
0
0
0
6
0
0
0
0
0
0
0
0
5
0
0
0
0
0
410
0
0
0
27
8
0
0
26
0
0
0
0
0
0
13
0
0
8
215
0
0
0
0
41
0
6
0
0
8
1
0
0
0
0
0
56
0
102
0
2
0
0
2
0
0
59
0
0
0
0
0
10
0
307
0
0
29
15
0
0
0
0
3
0
0
0
0
347
3
0
0
0
0
0
0
0
3
8
0
7
0
0
0
0
0
0
0
0
0
3
0
0
0
0
41
0
0
6
12
1
6
0
0
0
0
41
0
0
0
5
1
28
0
0
42
0
2
0
223
0
0
0
0
3
0
6
0
0
0
0
0
0
0
0
0
0
5
0
318
0
25
0
0
0
3
0
0
0
0
0
0
0
0
0
0
0
0
0
1
0
0
0
27
0
0
0
0
0
0
0
0
0
208
0
0
0
0
0
0
0
0
0
13
0
0
0
0
0
0
26
3
0
2
63
0
41
0
0
0
0
0
0
2
0
0
252
0
0
0
41
0
0
0
0
3
0
28
0
0
1
0
0
0
0
10
0
1
0
0
265
0
0
0
0
0
208
0
0
0
0
0
0
215
1
6
0
0
0
0
0
0
6
7
0
0
0
0
0
0
0
3
329
0
0
0
357
0
0
3
0
1
0
0
0
0
0
0
0
0
0
0
0
0
0
0
66
250
0
0
0
0
0
3
3
0
0
0
0
6
0
209
5
0
0
0
0
0
6
41
0
0
0
0
0
57
0
0
0
0
214
208
1
6
0
6
345
0
0
0
0
0
0
0
226
0
8
1
2
0
209
0
0
6
0
0
0
0
0
0
208
0
41
0
0
0
0
2
1
26
0
0
91
250
0
0
0
0
209
0
0
0
0
0
0
0
208
0
0
224
0
0
0
0
1
208
1
0
0
1
0
0
0
0
1
0
0
0
198
0
41
8
0
320
0
0
0
0
0
0
398
0
0
0
345
1
0
0
15
0
0
0
0
0
0
0
2
0
0
0
0
0
0
1
0
0
0
0
0
0
0
0
209
0
0
0
0
0
0
0
0
0
0
1
0
0
0
0
0
0
103
0
0
208
1
0
0
0
297
0
0
0
0
0
320
0
0
227
0
0
0
0
0
0
0
0
0
0
0
0
7
0
0
0
0
0
208
0
0
0
0
0
0
0
8
0
0
15
2
0
0
0
0
7
0
0
0
0
0
0
0
0
0
0
1
0
0
0
214
214
3
255
0
0
0
0
0
208
215
0
0
0
0
2
0
0
1
0
0
6
0
0
0
0
312
0
0
5
0
0
0
48
1
1
0
209
0
0
0
0
0
0
0
0
1
0
0
0
0
0
0
0
0
224
3
26
26
0
0
0
2
0
12
0
0
0
1
6
8
2
3
7
214
265
0
0
1
0
0
0
1
0
0
0
0
0
254
0
0
5
0
0
0
0
26
386
0
0
0
0
0
0
265
0
0
208
0
0
0
0
0
0
1
0
0
0
266
0
0
2
0
0
0
0
0
8
0
0
265
0
208
0
2
0
0
0
0
0
0
0
371
1
0
0
0
0
0
1
0
210
12
0
215
0
0
67
253
208
0
0
0
0
0
0
0
0
0
490
0
0
0
0
0
0
1
0
5
0
253
0
0
335
0
0
0
0
1
0
15
0
0
0
0
0
0
0
217
0
0
0
0
0
0
0
5
42
0
1
0
0
0
0
0
0
220
0
0
0
265
2
0
1
273
0
0
8
397
0
0
0
272
0
0
41
1
1
0
0
0
0
0
0
0
0
233
0
0
0
0
0
0
0
209
332
0
0
0
3
0
8
0
0
0
1
0
0
13
0
0
0
0
0
0
0
0
0
2
0
0
0
57
0
0
0
1
0
211
0
218
2
0
57
0
0
0
0
0
345
0
0
0
0
0
0
0
0
227
227
6
1
0
0
252
251
0
0
2
15
41
0
0
2
0
0
0
0
0
0
0
0
0
0
0
234
438
208
0
0
9
0
0
0
0
0
0
0
0
0
0
0
0
0
0
0
0
0
1
0
1
0
0
12
220
0
0
0
0
0
227
1
0
0
0
0
9
0
379
0
0
28
0
0
0
0
0
27
0
0
0
0
0
0
0
0
0
0
0
0
0
0
0
0
0
0
0
0
0
1
0
208
0
18
0
0
0
0
0
0
13
225
0
0
1
0
0
0
0
4
0
3
0
0
0
0
0
9
0
0
0
4
26
41
0
0
0
0
0
0
0
0
0
0
0
0
0
41
0
0
0
0
0
7
0
6
0
41
0
1
0
0
0
265
0
45
252
0
0
0
0
0
2
0
0
0
23
0
6
209
0
214
0
0
0
0
0
0
0
0
27
6
0
0
272
0
0
0
0
6
0
2
0
211
1
3
0
0
0
0
2
54
0
0
8
0
0
0
5
0
0
6
0
26
0
0
1
19
8
41
1
0
0
2
0
0
0
0
0
0
0
280
0
0
6
0
2
0
0
0
208
261
0
208
0
6
0
36
0
0
0
0
0
0
25
0
0
14
0
0
0
0
3
0
0
0
0
0
6
0
0
0
0
0
0
0
0
0
0
0
208
0
0
208
0
0
0
0
0
0
0
0
0
0
0
1
0
5
0
0
0
0
0
0
0
0
0
0
0
0
252
0
5
0
0
0
250
6
335
0
0
0
8
0
0
0
0
0
6
0
82
1
0
0
0
0
0
0
0
250
0
0
0
0
5
0
0
0
0
0
0
0
0
0
6
0
0
6
1
0
0
1
6
15
0
0
0
320
0
0
10
0
0
6
0
0
91
0
0
0
1
3
0
0
0
0
0
0
0
0
0
0
197
0
0
0
0
41
0
1
208
0
0
265
25
6
0
0
0
0
0
0
0
0
0
0
0
0
0
28
41
3
4
0
0
0
0
0
0
0
460
41
6
0
0
0
0
0
0
14
6
2
2
1
0
1
0
0
0
0
0
0
0
0
1
3
0
0
0
0
265
255
0
0
0
0
0
2
0
0
0
0
0
0
68
26
0
0
0
0
0
1
0
0
0
5
0
0
0
0
0
0
0
6
0
214
0
347
0
0
0
10
0
0
0
0
0
1
0
0
41
0
0
0
6
0
1
0
0
0
26
0
0
0
0
0
436
1
0
0
0
0
2
0
0
0
0
0
0
0
0
0
2
6
0
0
3
0
208
2
0
0
15
0
0
0
0
1
0
0
0
0
0
0
0
0
0
6
0
0
0
26
0
1
0
0
0
0
0
0
0
6
0
0
0
0
0
1
0
0
6
0
0
320
0
0
223
0
0
0
0
0
1
0
0
1
0
0
1
0
6
0
0
0
0
0
5
0
41
213
0
0
1
0
0
0
0
0
0
0
0
0
0
0
0
0
0
0
0
0
0
0
0
0
0
6
5
0
0
5
0
0
0
0
0
0
0
0
0
0
0
0
0
0
13
208
0
0
0
1
0
0
0
0
0
0
3
0
0
0
0
0
4
0
0
0
0
3
2
0
0
0
0
0
0
0
0
0
0
6
0
41
0
1
0
5
0
0
0
202
0
0
0
0
0
397
0
0
0
0
12
0
0
1
5
0
6
0
53
0
0
0
0
0
0
274
0
0
6
6
0
0
0
0
3
0
0
0
0
0
0
19
28
0
0
6
31
0
4
599
0
0
0
0
0
0
0
280
0
6
0
0
0
0
0
37
0
10
0
0
0
0
0
0
0
0
5
0
0
0
0
0
321
8
3
0
2
0
0
0
0
0
0
0
0
5
0
6
0
5
0
0
3
0
0
0
0
0
0
1
0
0
0
0
0
0
0
0
27
0
0
0
0
0
0
0
0
0
0
0
0
0
0
0
0
0
1
9
5
0
0
7
0
19
0
5
0
0
0
269
5
0
6
0
0
0
0
0
0
0
0
0
0
0
0
0
0
5
0
0
0
0
0
0
0
0
0
254
0
0
0
0
0
0
0
0
0
270
0
0
0
0
335
320
0
0
0
333
0
0
0
0
0
0
0
0
227
0
284
208
0
0
2
0
266
0
2
0
0
21
0
0
0
0
0
0
0
0
0
0
0
0
0
0
0
6
0
0
0
8
0
0
0
0
208
0
41
0
0
208
0
0
0
0
0
0
0
0
0
0
0
6
0
0
0
0
0
0
0
1
6
0
0
0
0
6
0
0
0
0
0
0
0
0
0
0
0
0
0
0
210
0
0
0
0
0
0
0
0
0
0
0
2
0
0
0
0
0
0
0
0
208
0
0
12
265
6
213
0
0
0
0
0
0
2
0
0
0
0
454
0
0
0
2
0
0
0
0
0
0
0
0
1
379
2
0
0
0
0
0
0
335
0
0
283
0
0
0
321
0
0
0
0
0
26
0
0
8
0
0
2
16
0
0
415
0
36
2
0
0
0
208
0
0
26
0
1
0
0
0
0
2
0
27
0
0
0
0
0
348
0
0
0
0
0
0
0
0
6
0
0
0
0
0
0
366
0
0
210
0
0
0
0
4
0
0
0
771
0
0
0
0
0
0
0
0
0
0
0
12
0
256
0
0
0
0
0
0
5
0
0
0
0
0
0
0
0
41
0
1
0
0
2
0
0
0
0
2
2
3
0
0
0
0
0
0
41
0
0
0
0
249
280
5
0
0
0
0
1
254
1
0
41
0
0
2
0
0
6
0
6
0
0
0
208
0
0
0
0
41
0
0
0
0
0
0
0
0
0
0
0
0
0
0
0
6
3
0
0
0
0
0
208
1
0
0
0
225
0
0
0
0
2
320
3
0
320
0
208
0
64
0
0
0
252
0
0
214
0
0
0
265
0
0
27
1
0
0
1
0
0
0
0
0
0
0
0
0
0
0
1
0
0
22
0
1
0
0
0
216
0
0
0
0
0
208
0
6
0
0
0
250
0
0
26
0
0
5
0
97
0
0
0
0
0
2
0
1
0
2
0
0
220
0
0
0
0
0
0
0
0
0
0
0
4
0
0
0
0
0
0
0
0
0
0
41
214
0
0
0
0
0
11
0
0
0
0
0
0
283
0
0
0
260
0
0
0
258
0
0
2
0
0
42
0
0
0
0
0
197
0
5
0
0
0
0
0
0
1
1
0
2
0
0
3
0
0
208
0
0
0
0
6
0
0
0
0
0
0
0
208
0
0
1
0
0
0
0
0
215
0
320
0
0
0
3
14
336
0
0
0
0
368
250
0
0
1
0
0
0
0
0
208
0
1
0
0
208
0
0
0
0
0
0
0
0
14
0
0
0
0
0
0
0
1
1
0
0
5
0
0
0
0
0
0
0
0
19
27
0
0
0
0
0
0
0
0
9
292
0
0
0
0
0
0
0
0
0
10
0
5
0
0
0
0
0
0
0
0
0
3
0
0
0
0
0
0
0
0
0
0
0
0
0
0
0
1
0
0
0
11
0
0
0
1
41
0
26
208
0
0
0
0
0
0
0
0
0
0
0
234
0
2
0
0
0
0
0
0
0
28
0
0
0
0
0
0
0
8
0
0
0
0
0
1
0
0
0
0
0
0
0
0
0
0
0
0
364
0
36
0
0
0
208
0
0
0
0
0
345
0
134
0
0
753
5
0
0
0
0
0
0
25
0
0
0
0
0
0
0
0
38
0
0
0
0
0
0
0
0
0
0
0
0
0
0
0
0
26
0
0
0
0
324
8
0
0
0
0
0
0
0
0
208
0
0
2
0
0
0
0
0
0
0
0
0
0
0
0
0
1
0
0
0
0
0
208
0
0
0
0
0
2
0
0
0
0
0
0
0
211
0
389
0
2
0
0
0
0
0
1
0
5
0
0
0
0
0
0
0
0
0
0
2
0
0
0
0
0
0
0
0
0
2
1
0
41
1
0
0
6
0
7
0
0
0
0
1
0
0
0
8
0
0
0
26
0
0
0
0
0
0
0
0
0
0
0
0
0
0
0
0
0
0
0
0
0
0
0
0
0
4
0
0
0
0
0
0
0
0
0
0
0
0
27
3
0
208
0
0
0
0
0
0
250
0
0
265
0
8
0
0
1
0
0
8
0
1
1
0
1
0
0
335
6
35
5
6
0
223
0
0
0
0
3
0
0
0
26
0
1
0
0
0
5
0
6
0
2
0
0
0
0
0
6
0
6
0
0
0
5
41
0
0
0
0
0
0
0
0
0
0
0
0
208
0
0
0
0
0
0
0
0
0
1
0
0
208
24
0
0
13
0
208
0
0
0
0
425
333
0
41
0
0
0
2
0
0
0
208
0
0
0
3
0
0
1
12
0
0
0
0
1
0
0
0
0
0
0
320
0
0
5
41
6
0
0
0
0
0
0
0
0
0
0
13
0
0
43
0
0
0
0
0
67
2
0
0
0
0
41
0
368
6
0
0
0
0
0
5
208
41
1
0
0
0
0
0
26
0
0
41
0
0
7
335
0
0
1
0
0
0
0
0
0
0
0
0
0
28
0
8
320
0
0
0
320
0
0
0
296
250
0
0
0
0
26
0
0
0
0
0
5
41
0
0
1
208
39
0
0
0
0
5
0
0
2
0
26
5
0
0
0
0
0
30
0
9
0
0
0
0
0
0
0
0
253
0
0
0
0
0
0
0
0
0
265
1
257
0
0
0
0
227
0
5
0
0
0
0
0
0
0
0
0
0
0
25
0
41
0
6
3
0
0
2
0
0
0
0
0
1
0
0
0
0
0
0
0
0
0
0
0
0
0
0
0
0
0
0
0
0
0
1
0
0
0
0
0
204
0
0
0
0
8
16
2
0
0
0
0
294
6
0
0
0
0
0
0
0
0
0
0
1
0
0
0
208
0
215
41
0
0
0
0
42
0
9
0
41
6
0
0
0
208
0
0
0
6
0
0
393
0
3
0
0
0
0
0
0
0
0
0
0
0
0
0
19
0
0
0
0
0
292
0
0
0
0
753
0
0
0
1
0
0
0
0
2
15
0
1
0
0
0
0
0
0
0
0
0
0
0
0
0
6
0
0
1
0
0
0
0
0
0
320
0
0
253
0
0
0
23
265
0
41
0
2
0
0
208
0
2
0
0
25
0
0
10
0
0
0
0
0
0
0
14
0
0
0
0
0
0
15
0
0
0
2
0
0
333
254
0
0
0
1
0
0
368
1
0
0
5
0
0
0
1
1
27
0
0
0
0
0
0
0
0
5
0
0
0
28
0
3
0
0
0
0
0
0
0
0
0
253
0
0
0
10
0
0
0
0
0
754
1
0
0
0
631
234
0
2
0
0
0
0
0
3
0
2
0
0
0
487
0
0
0
0
0
0
0
0
0
0
0
25
41
0
0
0
0
0
0
0
3
0
0
0
0
0
5
0
0
0
0
41
0
0
8
27
6
0
233
1
0
208
0
0
0
265
1
0
0
0
1
56
0
6
0
0
0
24
7
2
0
0
0
234
0
26
0
0
0
8
208
0
0
0
42
0
0
0
0
0
0
208
6
0
0
0
0
0
0
1
0
389
0
0
753
0
10
0
0
0
0
6
2
2
0
0
284
0
0
45
5
0
0
0
0
0
0
0
0
1
0
0
0
0
0
2
0
0
0
0
0
0
0
0
0
0
0
0
448
0
1
5
0
0
0
416
0
19
0
6
0
0
41
0
0
345
0
0
0
15
0
0
0
4
0
0
0
6
0
0
0
0
41
16
0
0
0
0
0
0
0
3
0
0
0
0
0
0
0
0
0
0
41
8
0
53
0
0
389
0
2
0
0
0
15
236
12
0
0
0
0
0
0
0
0
0
0
0
58
0
0
0
41
0
0
0
0
1
217
0
0
0
1
0
0
0
0
0
345
0
0
0
3
0
0
0
1
1
0
0
0
41
0
0
0
0
0
6
0
0
0
0
0
0
345
0
8
9
0
0
0
0
0
0
0
0
0
0
712
0
0
1
6
0
0
214
0
0
0
0
208
250
0
0
0
0
0
0
0
0
0
2
0
0
0
265
0
0
208
0
0
0
0
208
5
28
0
0
0
0
4
0
0
0
233
59
241
0
6
0
1
0
208
0
0
0
0
0
0
0
0
0
0
210
2
0
0
0
0
0
1
0
23
253
0
0
0
3
0
0
0
0
1
0
0
0
0
0
1
0
250
0
0
0
0
0
3
208
0
0
0
0
1
0
1
0
0
41
0
0
0
0
7
26
0
2
0
1
1
0
0
0
0
0
0
0
0
56
0
0
0
0
1
0
0
0
0
0
0
0
0
0
0
0
0
0
0
3
19
0
0
0
1
0
214
0
1
41
0
3
0
0
4
0
0
5
0
197
0
0
6
0
0
0
0
3
0
0
6
0
0
0
0
0
0
0
0
0
0
0
209
197
0
0
250
3
0
0
1
0
0
2
0
0
0
0
0
0
0
1
0
0
2
0
0
227
0
0
0
38
0
208
0
0
0
0
0
2
0
0
0
0
208
0
0
0
0
0
0
26
0
0
0
0
0
0
0
0
0
507
384
0
1
0
0
0
0
0
0
0
8
0
27
320
2
0
0
0
0
0
0
0
6
0
57
0
0
0
0
0
0
0
0
0
1
265
0
2
0
0
0
0
0
1
0
1
0
73
0
0
5
0
127
0
0
0
0
0
0
1
0
0
0
0
0
1
0
0
0
0
0
0
0
2
0
0
0
0
0
0
5
0
0
0
0
1
0
0
5
0
0
0
0
0
41
0
67
0
0
3
0
5
0
0
0
0
0
0
0
0
1
3
0
0
0
0
256
0
0
23
11
0
2
41
0
3
36
0
15
98
0
0
0
0
0
0
0
0
0
0
0
208
0
0
0
0
253
345
0
6
6
0
10
0
0
0
0
0
6
0
0
0
0
57
0
0
0
67
0
1
0
0
0
1
0
0
0
0
0
0
0
0
0
336
0
0
0
0
0
0
0
0
0
1
0
0
0
0
249
0
0
0
6
0
3
0
0
0
0
0
0
0
0
2
0
6
0
13
0
0
0
0
9
1
0
0
0
0
0
0
0
0
0
0
0
6
0
0
0
1
0
5
0
0
0
0
0
0
0
0
0
0
0
0
0
0
15
16
0
0
0
6
0
0
0
36
208
219
0
0
0
6
0
0
0
0
0
0
0
3
226
9
32
0
0
0
0
0
0
0
0
0
0
0
1
0
0
19
0
3
209
0
3
0
0
0
28
0
6
0
0
0
0
0
0
0
0
0
0
0
0
0
0
349
6
0
0
0
25
0
0
0
0
0
0
0
0
0
0
0
0
0
0
0
1
0
0
0
0
0
0
2
0
0
0
8
0
0
0
3
0
0
0
0
0
0
0
1
0
0
0
236
0
0
0
0
0
208
0
7
0
0
0
0
0
0
0
1
6
0
0
0
0
0
0
6
1
0
336
1
0
0
7
0
0
0
0
5
0
0
0
6
208
0
0
0
0
0
0
0
1
0
0
250
0
6
0
0
6
0
1
215
0
0
11
0
0
0
0
0
0
0
0
67
0
6
0
0
0
0
0
41
0
0
0
0
0
0
27
0
0
1
0
0
212
0
1
208
0
0
0
0
134
0
0
0
0
0
0
0
0
0
0
0
0
0
0
0
336
0
12
0
1
6
6
0
7
0
0
0
0
0
6
2
0
0
0
0
0
0
1
0
6
0
0
0
2
0
0
1
22
0
0
0
336
0
0
0
1
0
1
0
0
0
271
0
0
0
0
0
0
2
0
0
0
0
2
0
0
0
0
0
5
6
265
0
0
0
0
0
0
0
0
0
0
208
0
234
0
0
0
41
0
0
239
0
0
0
0
0
0
0
0
47
0
9
0
0
2
0
0
0
0
0
320
1
0
47
0
0
0
0
275
0
1
0
0
0
253
0
0
3
41
0
0
41
0
0
0
0
397
0
0
0
0
208
265
0
6
0
0
0
7
0
0
0
0
199
0
2
0
1
0
57
3
2
0
1
0
1
265
0
0
0
6
0
0
411
0
0
208
17
4
0
0
0
0
12
0
0
0
1
208
0
0
0
0
0
208
0
0
0
42
0
0
0
0
2
0
0
0
8
0
0
0
0
0
0
8
0
0
5
0
0
0
0
0
0
0
208
0
0
0
0
0
0
0
0
0
1
0
0
0
2
1
5
0
0
0
0
1
0
0
0
8
0
0
1
0
0
0
0
26
0
0
0
0
0
8
0
0
3
0
0
3
10
0
0
0
0
0
3
0
317
250
4
0
0
0
0
0
0
0
0
0
6
0
6
0
0
0
0
5
0
0
1
0
0
0
0
0
0
0
0
1
0
0
0
1
0
0
0
0
0
42
6
0
0
0
2
0
3
0
0
0
0
1
233
0
1
208
0
0
0
0
0
0
1
0
0
0
3
0
0
0
0
0
0
0
0
0
0
2
0
7
0
0
1
0
0
0
3
0
209
0
0
0
0
0
14
0
26
0
0
0
0
0
0
0
0
3
0
1
0
0
0
0
0
0
0
7
1
0
0
0
0
0
0
6
0
0
0
0
0
0
0
0
0
1
0
1
0
0
0
0
0
0
0
2
325
0
26
0
5
0
0
92
1
0
0
0
0
0
0
43
0
0
197
0
0
0
0
6
390
0
0
0
0
2
0
0
0
0
335
0
0
0
0
0
0
0
0
0
0
0
0
0
0
0
0
0
8
3
0
0
0
0
0
0
0
0
0
0
0
0
41
1
0
15
0
0
2
0
0
6
0
0
26
0
0
6
1
0
0
0
0
0
0
0
265
3
0
8
0
2
0
0
0
0
0
0
13
0
1
0
1
3
0
0
0
6
0
0
0
0
0
0
251
0
0
0
0
250
6
0
0
0
0
0
0
0
25
0
0
0
0
0
0
0
0
0
0
0
41
2
2
0
0
0
0
0
5
1
0
0
3
0
416
0
0
0
0
0
0
0
0
0
0
0
0
8
208
0
0
14
0
0
0
0
0
0
281
20
0
0
0
0
0
1
0
0
0
0
19
73
0
0
0
41
0
1
0
0
0
0
0
1
0
0
0
0
0
0
0
67
0
0
0
0
0
15
0
1
0
0
0
0
0
0
39
0
0
0
0
1
0
26
0
0
0
0
0
0
0
0
320
0
265
0
68
0
219
0
0
2
0
0
0
0
5
0
0
0
0
0
0
11
0
0
0
26
0
0
0
0
23
0
41
0
0
0
0
0
249
26
0
3
0
0
516
0
0
0
0
0
0
0
0
0
0
2
0
3
0
1
0
0
0
0
0
0
0
0
0
0
0
0
260
0
0
4
0
0
0
0
0
1
0
0
0
0
0
0
0
0
0
0
0
0
0
0
0
0
0
0
0
316
3
11
0
4
16
208
0
0
0
364
41
4
0
1
0
0
0
0
0
0
5
0
0
0
0
41
335
0
0
0
0
0
0
3
0
0
0
1
0
0
0
0
0
0
0
0
5
208
1
29
0
0
7
2
0
1
0
1
3
0
10
2
0
0
0
1
0
0
3
259
26
0
0
223
59
0
0
0
0
0
1
103
1
0
0
208
0
0
0
0
0
0
0
11
1
0
0
0
390
2
0
0
0
0
0
0
0
428
0
0
214
0
41
0
0
0
280
42
0
0
0
234
0
0
0
14
0
0
0
0
0
0
15
0
0
0
0
3
0
0
0
527
223
0
0
250
0
0
26
0
0
5
19
0
264
265
208
0
0
0
0
321
0
0
48
0
0
0
0
0
0
0
0
208
0
0
2
0
1
0
0
41
0
0
15
0
0
0
0
0
0
0
2
0
0
0
0
0
0
0
0
0
0
0
335
0
0
0
208
0
220
1
0
0
0
32
0
0
0
0
0
0
0
0
0
0
0
0
0
0
0
0
0
0
0
0
6
0
0
0
0
0
0
0
0
0
0
0
6
0
0
0
0
0
0
0
0
0
256
0
0
0
11
2
0
0
0
0
0
0
220
331
0
0
0
0
0
0
0
0
0
0
0
0
0
0
0
0
0
0
223
5
68
0
0
0
0
0
0
0
9
0
0
0
6
3
0
0
0
0
0
0
0
0
2
0
0
0
0
0
0
0
0
0
0
0
0
1
0
253
0
15
0
0
0
0
0
0
0
209
0
0
0
1
0
0
6
0
0
0
0
0
0
0
0
0
0
0
0
0
0
0
0
1
26
0
0
0
0
0
0
0
0
0
0
0
0
0
0
0
0
1
0
0
0
0
0
0
0
217
0
0
0
0
0
0
0
0
0
0
0
0
0
0
0
0
0
0
0
0
0
0
0
0
0
0
0
0
0
0
0
0
0
0
0
0
0
0
0
0
0
0
364
0
0
0
8
41
0
0
0
0
0
13
0
0
0
0
11
454
265
0
0
41
1
0
335
0
0
0
0
27
0
221
1
0
9
0
0
0
26
5
0
0
0
107
0
0
0
0
0
1
0
1
0
208
0
0
0
0
0
0
0
0
0
0
0
0
0
6
0
7
0
0
0
0
0
280
0
0
455
0
0
0
0
0
0
0
0
0
0
0
0
0
6
0
0
0
26
2
0
0
0
0
0
0
0
5
0
0
0
0
1
0
0
0
1
5
0
1
0
42
6
0
0
42
0
3
228
6
0
368
0
0
0
0
0
0
0
15
0
0
0
0
0
265
366
0
0
0
0
0
0
0
0
0
0
3
0
0
0
0
6
0
0
0
0
283
0
0
0
0
0
0
0
0
0
0
0
0
335
5
0
0
0
9
0
0
5
0
0
1
0
8
0
0
0
0
0
0
42
0
3
6
0
0
0
3
7
0
0
0
0
0
7
0
26
0
0
0
6
0
0
0
0
0
0
1
56
268
0
0
0
0
0
0
0
0
0
0
0
234
0
0
0
0
8
0
208
0
0
0
0
0
0
0
0
357
0
0
0
0
0
0
0
0
41
0
0
0
1
0
0
0
0
0
0
0
0
0
0
0
1
0
0
0
0
208
0
753
0
0
102
380
0
0
0
0
0
0
0
225
41
0
0
0
0
5
0
0
6
0
0
0
0
2
305
0
0
0
0
100
0
0
0
0
0
3
0
0
0
0
0
0
0
0
8
6
254
0
0
0
0
0
0
0
0
6
0
0
0
6
0
0
0
0
25
0
0
0
208
0
0
0
6
0
6
0
0
0
0
0
0
0
0
0
0
320
0
0
0
0
225
0
0
199
0
0
0
0
3
0
214
0
0
0
0
0
0
0
0
0
0
0
0
0
0
0
0
3
0
0
0
0
0
0
0
26
0
0
0
0
0
0
0
0
0
0
1
0
0
41
0
0
0
0
0
215
0
0
3
0
6
0
2
223
0
0
0
0
0
0
0
0
0
0
0
1
0
0
0
0
0
1
0
43
0
6
0
12
0
0
0
0
0
0
0
0
0
0
0
0
0
41
9
0
0
0
0
0
0
1
0
0
0
208
0
0
0
0
25
0
16
0
265
0
0
3
333
5
1
0
12
0
0
0
0
0
0
234
19
4
6
0
6
0
0
6
25
0
6
336
0
0
208
0
0
216
0
0
0
0
0
0
0
0
0
0
1
0
0
0
0
13
1
0
0
0
0
0
0
0
0
0
0
1
336
208
0
0
0
12
0
0
0
8
0
0
0
0
0
0
0
8
0
0
0
1
0
56
0
5
0
0
0
0
0
0
0
0
250
0
418
41
1
0
8
0
0
0
0
0
25
0
0
0
0
6
0
2
0
0
234
0
0
0
1
0
0
1
0
0
1
0
0
1
0
0
0
0
0
0
6
0
6
0
0
0
0
320
0
0
0
0
0
53
0
0
0
6
0
0
0
0
0
0
0
0
0
4
0
0
